span:
    offset: 475750
    width: 10000000
events:
    -
        offset: 975750
        width: 2500
    -
        offset: 1975750
        width: 2500
    -
        offset: 2975750
        width: 2750
    -
        offset: 3975750
        width: 2750
    -
        offset: 4976000
        width: 2500
    -
        offset: 5976000
        width: 2500
    -
        offset: 6975750
        width: 2750
    -
        offset: 7976000
        width: 2500
    -
        offset: 8976000
        width: 2500
    -
        offset: 9971000
        width: 7250
sleep:
    avg: 5.890428637897252e-7
    std: 0.0000026562449433406243
    p95: 2.948939865632383e-7
    'off': 40000
options:
    - '--trim 10'
version: 25.2.0
