span:
    offset: 559500
    width: 10000000
events:
    -
        offset: 1059500
        width: 3500
    -
        offset: 2067500
        width: 4500
    -
        offset: 3071500
        width: 4500
    -
        offset: 4071500
        width: 4750
    -
        offset: 5078500
        width: 4250
    -
        offset: 6084500
        width: 3250
    -
        offset: 7086750
        width: 4000
    -
        offset: 8095500
        width: 4500
    -
        offset: 9100500
        width: 4500
    -
        offset: 10101750
        width: 5500
sleep:
    avg: 7.931597993556501e-7
    std: 0.000003631790979845883
    p95: 1.2953392847236955e-7
    'off': 33000
options:
    - '--trim 10'
version: 25.2.0
