span:
    offset: 45200
    width: 1000000
events:
    -
        offset: 95200
        width: 2975
    -
        offset: 194950
        width: 2850
    -
        offset: 295575
        width: 2450
    -
        offset: 396175
        width: 2575
    -
        offset: 496500
        width: 2375
    -
        offset: 596775
        width: 2500
    -
        offset: 695425
        width: 3075
    -
        offset: 794100
        width: 2550
    -
        offset: 894975
        width: 2550
    -
        offset: 995875
        width: 3025
sleep:
    avg: 5.730678848578918e-7
    std: 8.648079607891073e-8
    p95: 1.383381800224015e-7
    'off': 45000
options:
    - '--trim 10'
version: 25.2.0
