span:
    offset: 563750
    width: 10000000
events:
    -
        offset: 1063750
        width: 2750
    -
        offset: 2073000
        width: 2750
    -
        offset: 3081250
        width: 3500
    -
        offset: 4083750
        width: 2750
    -
        offset: 5087750
        width: 5000
    -
        offset: 6091250
        width: 2750
    -
        offset: 7099500
        width: 2750
    -
        offset: 8103250
        width: 4000
    -
        offset: 9107000
        width: 2750
    -
        offset: 10110000
        width: 3000
sleep:
    avg: 0.000001650141577725639
    std: 8.639133436617412e-7
    p95: 6.050355949582809e-7
    'off': 1000
options:
    - '--trim 10'
version: 25.2.0
