span:
    offset: 1065250
    width: 10000000
events:
    -
        offset: 1565250
        width: 3500
    -
        offset: 2567500
        width: 3250
    -
        offset: 3576250
        width: 250
    -
        offset: 3576750
        width: 4750
    -
        offset: 4585250
        width: 5000
    -
        offset: 5592500
        width: 3250
    -
        offset: 6598250
        width: 5000
    -
        offset: 7600250
        width: 5250
    -
        offset: 8601750
        width: 4500
    -
        offset: 9609500
        width: 5750
sleep:
    avg: 0.000003947689966366852
    std: 6.473234298761538e-7
    p95: 1.7076763469958678e-7
    'off': 44000
options:
    - '--trim 10'
version: 25.2.0
