span:
    offset: 126750
    width: 10000000
events:
    -
        offset: 626750
        width: 2250
    -
        offset: 1626750
        width: 2250
    -
        offset: 2626750
        width: 2250
    -
        offset: 3626750
        width: 2250
    -
        offset: 4626750
        width: 2250
    -
        offset: 5626750
        width: 2250
    -
        offset: 6626750
        width: 2250
    -
        offset: 7626750
        width: 2250
    -
        offset: 8627000
        width: 2000
    -
        offset: 9627000
        width: 2000
sleep:
    avg: 4.1786278511376283e-7
    std: 0.000011618509008765263
    p95: 6.361212570027419e-7
    'off': 3000
options:
    - '--trim 10'
version: 25.2.0
