span:
    offset: 489250
    width: 10000000
events:
    -
        offset: 989250
        width: 2000
    -
        offset: 1989250
        width: 2000
    -
        offset: 2989250
        width: 2000
    -
        offset: 3989250
        width: 2000
    -
        offset: 4989250
        width: 2000
    -
        offset: 5989250
        width: 2000
    -
        offset: 6989500
        width: 2000
    -
        offset: 7989500
        width: 2000
    -
        offset: 8989500
        width: 2000
    -
        offset: 9989500
        width: 2000
sleep:
    avg: 0.0000024561496840665996
    std: 0.000014026959311856705
    p95: 0.00000796421818449744
    'off': 40000
options:
    - '--trim 10'
version: 25.2.0
