span:
    offset: 8200
    width: 1000000
events:
    -
        offset: 58200
        width: 325
    -
        offset: 158675
        width: 275
    -
        offset: 258950
        width: 300
    -
        offset: 359350
        width: 275
    -
        offset: 460325
        width: 300
    -
        offset: 560425
        width: 300
    -
        offset: 660375
        width: 375
    -
        offset: 760875
        width: 300
    -
        offset: 861800
        width: 350
    -
        offset: 962275
        width: 275
sleep:
    avg: 0.000002721813650225613
    std: 7.093214476634114e-7
    p95: 5.113256520417053e-7
    'off': 39000
options:
    - '--trim 10'
version: 25.2.0
