span:
    offset: 355750
    width: 10000000
events:
    -
        offset: 855750
        width: 3250
    -
        offset: 1865750
        width: 3500
    -
        offset: 2865750
        width: 9250
    -
        offset: 3873750
        width: 3250
    -
        offset: 4882750
        width: 3500
    -
        offset: 5890750
        width: 3750
    -
        offset: 6894750
        width: 3750
    -
        offset: 7894750
        width: 3750
    -
        offset: 8901750
        width: 3500
    -
        offset: 9904750
        width: 3250
sleep:
    avg: 5.470868677873339e-7
    std: 0.0000029722766705295694
    p95: 4.130192081674977e-7
    'off': 17000
options:
    - '--trim 10'
version: 25.2.0
