span:
    offset: 712000
    width: 10000000
events:
    -
        offset: 1212000
        width: 2750
    -
        offset: 2215500
        width: 4000
    -
        offset: 3220250
        width: 2750
    -
        offset: 4222750
        width: 3000
    -
        offset: 5232000
        width: 3250
    -
        offset: 6239750
        width: 2500
    -
        offset: 7241000
        width: 2750
    -
        offset: 8249250
        width: 2750
    -
        offset: 9251000
        width: 3000
    -
        offset: 10253000
        width: 2750
sleep:
    avg: 0.0000024683053441156844
    std: 0.0000016096352719758027
    p95: 6.368775302689755e-7
    'off': 25000
options:
    - '--trim 10'
version: 25.2.0
