span:
    offset: 498750
    width: 10000000
events:
    -
        offset: 998750
        width: 1750
    -
        offset: 1996750
        width: 4000
    -
        offset: 2998750
        width: 1750
    -
        offset: 3997750
        width: 2750
    -
        offset: 4998750
        width: 1750
    -
        offset: 5998750
        width: 2000
    -
        offset: 6998250
        width: 2250
    -
        offset: 7998750
        width: 1750
    -
        offset: 8998750
        width: 2000
    -
        offset: 9998250
        width: 2250
sleep:
    avg: 0.000002895972271986125
    std: 0.000001027095820925976
    p95: 6.341988409985788e-7
    'off': 17000
options:
    - '--trim 10'
version: 25.2.0
