span:
    offset: 58000
    width: 10000000
events:
    -
        offset: 558000
        width: 5750
    -
        offset: 1566750
        width: 3000
    -
        offset: 2570500
        width: 5750
    -
        offset: 3576250
        width: 7750
    -
        offset: 4587250
        width: 5750
    -
        offset: 5591500
        width: 3250
    -
        offset: 6596250
        width: 3000
    -
        offset: 7604250
        width: 5750
    -
        offset: 8610500
        width: 6250
    -
        offset: 9612500
        width: 5500
sleep:
    avg: 0.000004930229488536497
    std: 7.361094449830858e-7
    p95: 1.9390699890209362e-7
    'off': 43000
options:
    - '--trim 10'
version: 25.2.0
