span:
    offset: 63750
    width: 10000000
events:
    -
        offset: 563750
        width: 3750
    -
        offset: 1572250
        width: 4750
    -
        offset: 2581250
        width: 3750
    -
        offset: 3583500
        width: 3750
    -
        offset: 4584750
        width: 4250
    -
        offset: 5584750
        width: 4250
    -
        offset: 6586500
        width: 4000
    -
        offset: 7595750
        width: 4750
    -
        offset: 8606000
        width: 3750
    -
        offset: 9606500
        width: 4000
sleep:
    avg: 0.0000046654790609181874
    std: 0.000001005399105200099
    p95: 4.881658242084086e-7
    'off': 32000
options:
    - '--trim 10'
version: 25.2.0
