span:
    offset: 2537750
    width: 10000000
events:
    -
        offset: 3037750
        width: 5500
    -
        offset: 4040750
        width: 3750
    -
        offset: 5046750
        width: 4250
    -
        offset: 6056250
        width: 4000
    -
        offset: 7059250
        width: 4000
    -
        offset: 8060750
        width: 3750
    -
        offset: 9065500
        width: 4000
    -
        offset: 10070000
        width: 4000
    -
        offset: 11075000
        width: 3750
    -
        offset: 12077000
        width: 4500
sleep:
    avg: 5.101003811804478e-7
    std: 7.486257904935694e-7
    p95: 6.495640150205872e-7
    'off': 54000
options:
    - '--trim 10'
version: 25.2.0
