span:
    offset: 477250
    width: 10000000
events:
    -
        offset: 977250
        width: 3000
    -
        offset: 1977250
        width: 2250
    -
        offset: 2975750
        width: 4500
    -
        offset: 3977250
        width: 3000
    -
        offset: 4977250
        width: 3250
    -
        offset: 5977500
        width: 3000
    -
        offset: 6977500
        width: 3000
    -
        offset: 7977500
        width: 2750
    -
        offset: 8977500
        width: 2250
    -
        offset: 9977500
        width: 3000
sleep:
    avg: 6.845165250985649e-7
    std: 0.0000031069343280609778
    p95: 4.239409463480115e-7
    'off': 29000
options:
    - '--trim 10'
version: 25.2.0
