span:
    offset: 475250
    width: 10000000
events:
    -
        offset: 975250
        width: 2250
    -
        offset: 1975250
        width: 3250
    -
        offset: 2975250
        width: 3500
    -
        offset: 3975250
        width: 2500
    -
        offset: 4975500
        width: 3250
    -
        offset: 5975250
        width: 3500
    -
        offset: 6975250
        width: 3500
    -
        offset: 7975250
        width: 2500
    -
        offset: 8974500
        width: 4250
    -
        offset: 9975500
        width: 3250
sleep:
    avg: 4.7183462827298307e-7
    std: 0.0000023690233271650453
    p95: 3.1417422263757544e-7
    'off': 8000
options:
    - '--trim 10'
version: 25.2.0
