span:
    offset: 56000
    width: 10000000
events:
    -
        offset: 556000
        width: 3250
    -
        offset: 1563750
        width: 3250
    -
        offset: 2567500
        width: 3250
    -
        offset: 3570500
        width: 3250
    -
        offset: 4574000
        width: 3250
    -
        offset: 5579250
        width: 3500
    -
        offset: 6586750
        width: 3250
    -
        offset: 7589500
        width: 3250
    -
        offset: 8599000
        width: 3250
    -
        offset: 9606000
        width: 3250
sleep:
    avg: 0.000001416001518824872
    std: 0.000014414829055940852
    p95: 0.000001666000116529176
    'off': 3000
options:
    - '--trim 10'
version: 25.2.0
