span:
    offset: 497750
    width: 10000000
events:
    -
        offset: 997750
        width: 2250
    -
        offset: 1997750
        width: 2250
    -
        offset: 2997750
        width: 2000
    -
        offset: 3997500
        width: 2250
    -
        offset: 4997750
        width: 2000
    -
        offset: 5997750
        width: 2000
    -
        offset: 6997750
        width: 2250
    -
        offset: 7997750
        width: 2250
    -
        offset: 8997750
        width: 2250
    -
        offset: 9997750
        width: 2250
sleep:
    avg: 0.0000035022895785479236
    std: 0.0000023537533443391956
    p95: 4.836192601942457e-7
    'off': 36000
options:
    - '--trim 10'
version: 25.2.0
