span:
    offset: 94250
    width: 10000000
events:
    -
        offset: 594250
        width: 3500
    -
        offset: 1599500
        width: 3500
    -
        offset: 2600000
        width: 3500
    -
        offset: 3607250
        width: 3000
    -
        offset: 4612750
        width: 3250
    -
        offset: 5620000
        width: 3250
    -
        offset: 6623750
        width: 3000
    -
        offset: 7627750
        width: 5750
    -
        offset: 8631250
        width: 3500
    -
        offset: 9635500
        width: 4750
sleep:
    avg: 0.000004684491878037989
    std: 0.0000010181520626203079
    p95: 4.6596846914326306e-7
    'off': 43000
options:
    - '--trim 10'
version: 25.2.0
